{
  "cells": [
    {
      "cell_type": "code",
      "source": [
        "!pip install pycolmap"
      ],
      "metadata": {
        "colab": {
          "base_uri": "https://localhost:8080/"
        },
        "id": "BzZ80C6RwkQy",
        "outputId": "98a6022c-e8d6-442d-ef6c-faac9b797ae1"
      },
      "execution_count": 51,
      "outputs": [
        {
          "output_type": "stream",
          "name": "stdout",
          "text": [
            "Requirement already satisfied: pycolmap in /usr/local/lib/python3.11/dist-packages (3.11.1)\n",
            "Requirement already satisfied: numpy in /usr/local/lib/python3.11/dist-packages (from pycolmap) (1.26.4)\n"
          ]
        }
      ]
    },
    {
      "cell_type": "code",
      "source": [
        "# This mounts your Google Drive to the Colab VM.\n",
        "from google.colab import drive\n",
        "drive.mount('/content/drive')\n",
        "FOLDERNAME = 'megumin_project'\n",
        "assert FOLDERNAME is not None, \"[!] Enter the foldername.\"\n",
        "\n",
        "import sys\n",
        "sys.path.append('/content/drive/MyDrive/{}'.format(FOLDERNAME))\n",
        "\n",
        "# Change dariectory to current folder\n",
        "%cd /content/drive/MyDrive/$FOLDERNAME"
      ],
      "metadata": {
        "colab": {
          "base_uri": "https://localhost:8080/"
        },
        "id": "dc-57ybB8Lpc",
        "outputId": "8f4cba4f-20ba-4a99-9d40-ded56701309d"
      },
      "execution_count": 52,
      "outputs": [
        {
          "output_type": "stream",
          "name": "stdout",
          "text": [
            "Drive already mounted at /content/drive; to attempt to forcibly remount, call drive.mount(\"/content/drive\", force_remount=True).\n",
            "/content/drive/MyDrive/megumin_project\n"
          ]
        }
      ]
    },
    {
      "cell_type": "code",
      "execution_count": 53,
      "metadata": {
        "id": "oEdE1Cy3vyUq"
      },
      "outputs": [],
      "source": [
        "import os, sys\n",
        "import numpy as np\n",
        "import pycolmap\n",
        "import cv2\n",
        "import struct\n",
        "from pathlib import Path\n",
        "from tqdm import tqdm_notebook as tqdm\n",
        "import matplotlib.pyplot as plt\n",
        "import time"
      ]
    },
    {
      "cell_type": "code",
      "execution_count": 54,
      "metadata": {
        "id": "S2hhEMM-vyUs"
      },
      "outputs": [],
      "source": [
        "import torch\n",
        "import torch.nn as nn\n",
        "import torch.nn.functional as F\n",
        "import torch.optim as optim"
      ]
    },
    {
      "cell_type": "code",
      "source": [
        "!import torch\n",
        "\n",
        "print(torch.cuda.memory_summary(device=device, abbreviated=True))"
      ],
      "metadata": {
        "colab": {
          "base_uri": "https://localhost:8080/"
        },
        "id": "twDJOz4G8XGf",
        "outputId": "cebf82d8-f584-469c-ec94-1e931af8f0e6"
      },
      "execution_count": 70,
      "outputs": [
        {
          "output_type": "stream",
          "name": "stdout",
          "text": [
            "/bin/bash: line 1: import: command not found\n",
            "|===========================================================================|\n",
            "|                  PyTorch CUDA memory summary, device ID 0                 |\n",
            "|---------------------------------------------------------------------------|\n",
            "|            CUDA OOMs: 6            |        cudaMalloc retries: 11        |\n",
            "|===========================================================================|\n",
            "|        Metric         | Cur Usage  | Peak Usage | Tot Alloc  | Tot Freed  |\n",
            "|---------------------------------------------------------------------------|\n",
            "| Allocated memory      | 204024 KiB |  14928 MiB | 331739 MiB | 331540 MiB |\n",
            "|---------------------------------------------------------------------------|\n",
            "| Active memory         | 204024 KiB |  14928 MiB | 331739 MiB | 331540 MiB |\n",
            "|---------------------------------------------------------------------------|\n",
            "| Requested memory      | 203692 KiB |  14928 MiB | 331224 MiB | 331025 MiB |\n",
            "|---------------------------------------------------------------------------|\n",
            "| GPU reserved memory   | 532480 KiB |  14962 MiB |  80546 MiB |  80026 MiB |\n",
            "|---------------------------------------------------------------------------|\n",
            "| Non-releasable memory | 328456 KiB |   1857 MiB | 299659 MiB | 299339 MiB |\n",
            "|---------------------------------------------------------------------------|\n",
            "| Allocations           |      63    |    1650    |  117678    |  117615    |\n",
            "|---------------------------------------------------------------------------|\n",
            "| Active allocs         |      63    |    1650    |  117678    |  117615    |\n",
            "|---------------------------------------------------------------------------|\n",
            "| GPU reserved segments |      13    |     725    |    4098    |    4085    |\n",
            "|---------------------------------------------------------------------------|\n",
            "| Non-releasable allocs |      31    |     570    |   58351    |   58320    |\n",
            "|---------------------------------------------------------------------------|\n",
            "| Oversize allocations  |       0    |       0    |       0    |       0    |\n",
            "|---------------------------------------------------------------------------|\n",
            "| Oversize GPU segments |       0    |       0    |       0    |       0    |\n",
            "|===========================================================================|\n",
            "\n"
          ]
        }
      ]
    },
    {
      "cell_type": "code",
      "source": [
        "import gc\n",
        "gc.collect()\n",
        "torch.cuda.empty_cache()\n",
        "os.environ[\"PYTORCH_CUDA_ALLOC_CONF\"] = \"expandable_segments:True\""
      ],
      "metadata": {
        "id": "XPVI1MUuGT4r"
      },
      "execution_count": 56,
      "outputs": []
    },
    {
      "cell_type": "code",
      "execution_count": 57,
      "metadata": {
        "id": "FW9Bax9lvyUt"
      },
      "outputs": [],
      "source": [
        "sparse_dir = Path(\"output/0\")  # COLMAP에서 생성된 데이터가 저장된 폴더\n",
        "image_dir = Path(\"images_no_bg\")  # 실제 이미지가 저장된 폴더"
      ]
    },
    {
      "cell_type": "code",
      "execution_count": 58,
      "metadata": {
        "colab": {
          "base_uri": "https://localhost:8080/"
        },
        "id": "6J9Vs5p7vyUt",
        "outputId": "66df328a-471c-46a5-c383-ac5c23db3b21"
      },
      "outputs": [
        {
          "output_type": "stream",
          "name": "stdout",
          "text": [
            "Reconstruction(num_cameras=193, num_images=193, num_reg_images=193, num_points3D=7161)\n"
          ]
        }
      ],
      "source": [
        "reconstruction = pycolmap.Reconstruction(\"output/0\")\n",
        "print(reconstruction)"
      ]
    },
    {
      "cell_type": "code",
      "execution_count": 59,
      "metadata": {
        "id": "baLzkMpFvyUu"
      },
      "outputs": [],
      "source": [
        "# 카메라 정보 가져오기\n",
        "cameras = reconstruction.cameras\n",
        "camera = list(cameras.values())[0]  # 첫 번째 카메라 정보 사용"
      ]
    },
    {
      "cell_type": "code",
      "execution_count": 60,
      "metadata": {
        "colab": {
          "base_uri": "https://localhost:8080/"
        },
        "id": "4n5I6z-HvyUu",
        "outputId": "5fd28e60-b0ed-48e2-d03c-64161f2c264c"
      },
      "outputs": [
        {
          "output_type": "stream",
          "name": "stdout",
          "text": [
            "['__class__', '__copy__', '__deepcopy__', '__delattr__', '__dir__', '__doc__', '__eq__', '__format__', '__ge__', '__getattribute__', '__getstate__', '__gt__', '__hash__', '__init__', '__init_subclass__', '__le__', '__lt__', '__module__', '__mul__', '__ne__', '__new__', '__reduce__', '__reduce_ex__', '__repr__', '__setattr__', '__setstate__', '__sizeof__', '__str__', '__subclasshook__', '_pybind11_conduit_v1_', 'angle', 'angle_to', 'inverse', 'matrix', 'mergedict', 'norm', 'normalize', 'quat', 'summary', 'todict']\n"
          ]
        }
      ],
      "source": [
        "# COLMAP images.bin 파일 경로\n",
        "images_bin_path = \"output/0\"\n",
        "\n",
        "# images.bin 파일 로드\n",
        "reconstruction = pycolmap.Reconstruction()\n",
        "reconstruction.read(images_bin_path)\n",
        "\n",
        "# 첫 번째 이미지 객체 확인 (구조 분석)\n",
        "image_ids = list(reconstruction.images.keys())\n",
        "first_image = reconstruction.images[image_ids[0]]\n",
        "\n",
        "# Rotation3d 객체 확인\n",
        "rotation_data = first_image.cam_from_world.rotation\n",
        "\n",
        "# Rotation3d 객체가 어떤 속성을 가지고 있는지 확인\n",
        "print(dir(rotation_data))"
      ]
    },
    {
      "cell_type": "code",
      "execution_count": 61,
      "metadata": {
        "colab": {
          "base_uri": "https://localhost:8080/"
        },
        "id": "qN_uEdsFvyUu",
        "outputId": "9a29a6e1-8abd-47c7-f83c-5fa73a71a94e"
      },
      "outputs": [
        {
          "output_type": "stream",
          "name": "stdout",
          "text": [
            "Camera Info: Focal Length = 819.4829121182896, Image Size = (720, 720)\n",
            "Total images in COLMAP reconstruction: 193\n"
          ]
        }
      ],
      "source": [
        "# Focal Length 및 해상도 가져오기\n",
        "focal = camera.focal_length\n",
        "H, W = camera.height, camera.width\n",
        "print(f\"Camera Info: Focal Length = {focal}, Image Size = ({W}, {H})\")\n",
        "\n",
        "# 2️⃣ 이미지 및 포즈 데이터 가져오기 (images.bin)\n",
        "image_data = reconstruction.images\n",
        "sorted_images = sorted(image_data.items(), key=lambda x: x[1].name)\n",
        "# 3️⃣ 이미지 배열 및 카메라 포즈 배열 만들기\n",
        "image_list = []\n",
        "pose_list = []\n",
        "print(f\"Total images in COLMAP reconstruction: {len(image_data)}\")\n"
      ]
    },
    {
      "cell_type": "code",
      "execution_count": 62,
      "metadata": {
        "colab": {
          "base_uri": "https://localhost:8080/"
        },
        "id": "GrDGHHdLvyUv",
        "outputId": "e00cf486-f36a-4839-e361-6af7a34606e0"
      },
      "outputs": [
        {
          "output_type": "stream",
          "name": "stdout",
          "text": [
            "Total images in COLMAP reconstruction: 193\n"
          ]
        }
      ],
      "source": [
        "# 2️⃣ 이미지 및 포즈 데이터 가져오기 (images.bin)\n",
        "image_data = reconstruction.images\n",
        "sorted_images = sorted(image_data.items(), key=lambda x: x[1].name)\n",
        "print(f\"Total images in COLMAP reconstruction: {len(image_data)}\")"
      ]
    },
    {
      "cell_type": "code",
      "source": [
        "def qvec_to_rotmat(qvec):\n",
        "    \"\"\"\n",
        "    Convert a quaternion (w, x, y, z) to a 3x3 rotation matrix.\n",
        "\n",
        "    Parameters:\n",
        "    qvec (array-like): Quaternion in the form (w, x, y, z).\n",
        "\n",
        "    Returns:\n",
        "    np.ndarray: 3x3 rotation matrix.\n",
        "    \"\"\"\n",
        "    w, x, y, z = qvec\n",
        "    R = np.array([\n",
        "        [1 - 2 * (y * y + z * z), 2 * (x * y - z * w), 2 * (x * z + y * w)],\n",
        "        [2 * (x * y + z * w), 1 - 2 * (x * x + z * z), 2 * (y * z - x * w)],\n",
        "        [2 * (x * z - y * w), 2 * (y * z + x * w), 1 - 2 * (x * x + y * y)]\n",
        "    ])\n",
        "    return R"
      ],
      "metadata": {
        "id": "qLNtqNnxxqyW"
      },
      "execution_count": 63,
      "outputs": []
    },
    {
      "cell_type": "code",
      "execution_count": 64,
      "metadata": {
        "colab": {
          "base_uri": "https://localhost:8080/"
        },
        "id": "Z3opqccQvyUv",
        "outputId": "220b99f3-b9a8-4464-9bad-aeca32eadca7"
      },
      "outputs": [
        {
          "output_type": "stream",
          "name": "stdout",
          "text": [
            "Image 1 pose matrix:\n",
            "[[-0.98773642  0.06164084 -0.14344747  1.01444728]\n",
            " [ 0.03764048  0.98567942  0.1643754  -1.07931339]\n",
            " [ 0.15152546  0.15696014 -0.97591165  2.96656552]\n",
            " [ 0.          0.          0.          1.        ]]\n",
            "\n",
            "Image 5 pose matrix:\n",
            "[[-0.99387441  0.05025463 -0.09842827  1.07994597]\n",
            " [ 0.03825207  0.99200739  0.12024191 -1.1126834 ]\n",
            " [ 0.10368428  0.11574027 -0.98785311  3.11026362]\n",
            " [ 0.          0.          0.          1.        ]]\n",
            "\n",
            "Image 4 pose matrix:\n",
            "[[-0.99793839  0.03944291 -0.05062839  1.09989953]\n",
            " [ 0.03580488  0.9968437   0.07085658 -1.13510671]\n",
            " [ 0.05326338  0.06889776 -0.99620084  3.27334156]\n",
            " [ 0.          0.          0.          1.        ]]\n",
            "\n",
            "Image 2 pose matrix:\n",
            "[[-0.99960911  0.0252997   0.01189792  1.08065886]\n",
            " [ 0.02536368  0.99966446  0.00525754 -1.17623374]\n",
            " [-0.01176091  0.00555726 -0.9999154   3.42362906]\n",
            " [ 0.          0.          0.          1.        ]]\n",
            "\n",
            "Image 3 pose matrix:\n",
            "[[-0.99711388  0.01190225  0.07498161  1.04457082]\n",
            " [ 0.0074635   0.9982181  -0.05920233 -1.20315696]\n",
            " [-0.07555264 -0.05847184 -0.99542596  3.37547829]\n",
            " [ 0.          0.          0.          1.        ]]\n",
            "\n",
            "Image 8 pose matrix:\n",
            "[[-9.92527121e-01  8.80835038e-04  1.22021056e-01  1.01502723e+00]\n",
            " [-1.23549279e-02  9.94109703e-01 -1.07671971e-01 -1.18063983e+00]\n",
            " [-1.21397157e-01 -1.08374913e-01 -9.86669959e-01  3.29087176e+00]\n",
            " [ 0.00000000e+00  0.00000000e+00  0.00000000e+00  1.00000000e+00]]\n",
            "\n",
            "Image 7 pose matrix:\n",
            "[[-0.9829263  -0.00876513  0.18379081  1.02095484]\n",
            " [-0.04093661  0.98424734 -0.17199234 -1.08601008]\n",
            " [-0.17938808 -0.17657957 -0.96780141  3.11637424]\n",
            " [ 0.          0.          0.          1.        ]]\n",
            "\n",
            "Image 6 pose matrix:\n",
            "[[-0.96765349 -0.00653607  0.25219835  1.0120102 ]\n",
            " [-0.06958221  0.96780397 -0.24189625 -0.97777147]\n",
            " [-0.24249751 -0.25162026 -0.93695368  3.06989442]\n",
            " [ 0.          0.          0.          1.        ]]\n",
            "\n",
            "Image 9 pose matrix:\n",
            "[[-0.94735439  0.00334956  0.3201694   0.9972022 ]\n",
            " [-0.10455487  0.94189434 -0.31922302 -0.93148565]\n",
            " [-0.302635   -0.3358926  -0.89195752  3.16284534]\n",
            " [ 0.          0.          0.          1.        ]]\n",
            "\n",
            "Image 11 pose matrix:\n",
            "[[-0.9264966   0.01185755  0.37611627  0.98412512]\n",
            " [-0.13980503  0.91711656 -0.37329849 -0.98033653]\n",
            " [-0.34936886 -0.39844273 -0.84804763  3.10387442]\n",
            " [ 0.          0.          0.          1.        ]]\n",
            "\n",
            "Image 10 pose matrix:\n",
            "[[-0.8930499   0.02784207  0.44909542  0.94236958]\n",
            " [-0.19289893  0.87802357 -0.43802354 -1.10659234]\n",
            " [-0.40651184 -0.4778069  -0.77874815  3.03209044]\n",
            " [ 0.          0.          0.          1.        ]]\n",
            "\n",
            "Image 12 pose matrix:\n",
            "[[-0.85692087  0.05669141  0.5123209   0.89033468]\n",
            " [-0.24090898  0.83464479 -0.49530893 -1.28568125]\n",
            " [-0.45568573 -0.54786327 -0.70156707  3.08895323]\n",
            " [ 0.          0.          0.          1.        ]]\n",
            "\n",
            "Image 13 pose matrix:\n",
            "[[-0.82043506  0.09356264  0.56403222  0.78707138]\n",
            " [-0.2870285   0.785791   -0.54785687 -1.44759375]\n",
            " [-0.49447037 -0.6113743  -0.61783534  3.13027678]\n",
            " [ 0.          0.          0.          1.        ]]\n",
            "\n",
            "Image 14 pose matrix:\n",
            "[[-0.79265519  0.12563446  0.59658506  0.70871556]\n",
            " [-0.32253833  0.74397127 -0.5852143  -1.58529194]\n",
            " [-0.51736523 -0.6562947  -0.54919076  3.18428915]\n",
            " [ 0.          0.          0.          1.        ]]\n",
            "\n",
            "Image 16 pose matrix:\n",
            "[[-0.75480942  0.1785383   0.63117892  0.59530826]\n",
            " [-0.36308305  0.68766628 -0.62871757 -1.65817647]\n",
            " [-0.54629062 -0.70373231 -0.45423276  3.22701346]\n",
            " [ 0.          0.          0.          1.        ]]\n",
            "\n",
            "Image 15 pose matrix:\n",
            "[[-0.7186078   0.22967962  0.65639173  0.51829452]\n",
            " [-0.40616221  0.62754307 -0.6642454  -1.6694704 ]\n",
            " [-0.56447771 -0.74393345 -0.35767016  3.12551138]\n",
            " [ 0.          0.          0.          1.        ]]\n",
            "\n",
            "Image 17 pose matrix:\n",
            "[[-0.6837955   0.28505278  0.67169087  0.51209198]\n",
            " [-0.44673851  0.56429011 -0.69426319 -1.67765994]\n",
            " [-0.57693017 -0.77480422 -0.25851498  3.2536762 ]\n",
            " [ 0.          0.          0.          1.        ]]\n",
            "\n",
            "Image 23 pose matrix:\n",
            "[[-0.65395378  0.33048627  0.68053161  0.45780398]\n",
            " [-0.47604624  0.51936703 -0.70967448 -1.68190588]\n",
            " [-0.58798336 -0.78805882 -0.18231529  3.27542541]\n",
            " [ 0.          0.          0.          1.        ]]\n",
            "\n",
            "Image 18 pose matrix:\n",
            "[[-0.61590687  0.38941793  0.6848448   0.32189722]\n",
            " [-0.51734566  0.45567152 -0.72437348 -1.74168826]\n",
            " [-0.59414829 -0.80044809 -0.07918754  3.29339374]\n",
            " [ 0.          0.          0.          1.        ]]\n",
            "\n",
            "Image 19 pose matrix:\n",
            "[[-0.57995678  0.44127183  0.68478413  0.19720965]\n",
            " [-0.55797294  0.39729739 -0.72857462 -1.81623731]\n",
            " [-0.59356241 -0.80463281  0.01580243  3.36362153]\n",
            " [ 0.          0.          0.          1.        ]]\n",
            "\n",
            "Image 24 pose matrix:\n",
            "[[-0.54733948  0.49163891  0.67728183  0.07808391]\n",
            " [-0.59519643  0.34025069 -0.72799085 -1.91118322]\n",
            " [-0.58835424 -0.80157386  0.10638909  3.3959042 ]\n",
            " [ 0.          0.          0.          1.        ]]\n",
            "\n",
            "Image 20 pose matrix:\n",
            "[[-0.52518486  0.53044218  0.66544117 -0.00427534]\n",
            " [-0.61927928  0.29810374 -0.72637961 -1.99111714]\n",
            " [-0.58367289 -0.7935775   0.17193228  3.35739438]\n",
            " [ 0.          0.          0.          1.        ]]\n",
            "\n",
            "Image 21 pose matrix:\n",
            "[[-0.49837584  0.58238041  0.64222627 -0.07418548]\n",
            " [-0.65032099  0.23875559 -0.7211646  -2.07305427]\n",
            " [-0.57332725 -0.77706424  0.25974419  3.32651184]\n",
            " [ 0.          0.          0.          1.        ]]\n",
            "\n",
            "Image 22 pose matrix:\n",
            "[[-0.4728466   0.63198474  0.61401253 -0.16020886]\n",
            " [-0.67834867  0.18365099 -0.71141788 -2.1017462 ]\n",
            " [-0.56236925 -0.7529061   0.34186726  3.34209072]\n",
            " [ 0.          0.          0.          1.        ]]\n",
            "\n",
            "Image 27 pose matrix:\n",
            "[[-0.44738142  0.67850895  0.58264523 -0.36226821]\n",
            " [-0.70858582  0.12857326 -0.69381198 -2.05399666]\n",
            " [-0.54567023 -0.72325273  0.42326053  3.3602769 ]\n",
            " [ 0.          0.          0.          1.        ]]\n",
            "\n",
            "Image 26 pose matrix:\n",
            "[[-0.43335337  0.70826217  0.55728768 -0.49426561]\n",
            " [-0.73202095  0.08407126 -0.67607496 -2.01262191]\n",
            " [-0.52569019 -0.70092562  0.48203019  3.23369548]\n",
            " [ 0.          0.          0.          1.        ]]\n",
            "\n",
            "Image 28 pose matrix:\n",
            "[[-0.4107369   0.74836581  0.52081072 -0.6569754 ]\n",
            " [-0.76203754  0.03185188 -0.64674898 -1.91135532]\n",
            " [-0.50059363 -0.66252099  0.5572001   3.16764303]\n",
            " [ 0.          0.          0.          1.        ]]\n",
            "\n",
            "Image 25 pose matrix:\n",
            "[[-0.39136912  0.78490118  0.48037521 -0.77083835]\n",
            " [-0.79037051 -0.01934189 -0.61232373 -1.86034884]\n",
            " [-0.47132226 -0.619319    0.62793256  3.16270801]\n",
            " [ 0.          0.          0.          1.        ]]\n",
            "\n",
            "Image 32 pose matrix:\n",
            "[[-0.37434412  0.81822373  0.43632146 -0.87857352]\n",
            " [-0.8178689  -0.06959747 -0.57118005 -1.89710289]\n",
            " [-0.4369862  -0.57067164  0.69525314  3.11291597]\n",
            " [ 0.          0.          0.          1.        ]]\n",
            "\n",
            "Image 36 pose matrix:\n",
            "[[-0.36680743  0.83966922  0.40050956 -0.90221748]\n",
            " [-0.83377299 -0.10576171 -0.54188288 -1.94864194]\n",
            " [-0.4126438  -0.53270072  0.7388877   2.96698873]\n",
            " [ 0.          0.          0.          1.        ]]\n",
            "\n",
            "Image 30 pose matrix:\n",
            "[[-0.34801266  0.87382003  0.33959644 -0.89917971]\n",
            " [-0.85832143 -0.15129236 -0.49030086 -1.98426636]\n",
            " [-0.37705637 -0.46211381  0.80267012  3.10381289]\n",
            " [ 0.          0.          0.          1.        ]]\n",
            "\n",
            "Image 29 pose matrix:\n",
            "[[-0.33366453  0.90389277  0.26766741 -0.9308201 ]\n",
            " [-0.87884    -0.19554006 -0.43520609 -1.93458409]\n",
            " [-0.34103994 -0.38044966  0.8596219   3.26412239]\n",
            " [ 0.          0.          0.          1.        ]]\n",
            "\n",
            "Image 31 pose matrix:\n",
            "[[-0.32400662  0.92609979  0.19328451 -0.99070041]\n",
            " [-0.89420732 -0.2330836  -0.3821849  -1.77685863]\n",
            " [-0.30888991 -0.29666686  0.90364584  3.19981741]\n",
            " [ 0.          0.          0.          1.        ]]\n",
            "\n",
            "Image 35 pose matrix:\n",
            "[[-0.31217978  0.9400578   0.13724111 -1.0826575 ]\n",
            " [-0.90840689 -0.25308518 -0.33278342 -1.57744201]\n",
            " [-0.27810196 -0.22855902  0.93296306  3.07972084]\n",
            " [ 0.          0.          0.          1.        ]]\n",
            "\n",
            "Image 33 pose matrix:\n",
            "[[-0.2974782   0.95292836  0.0586026  -1.08103496]\n",
            " [-0.92668905 -0.2734303  -0.25784351 -1.29367916]\n",
            " [-0.22968266 -0.13100921  0.96440783  2.92862594]\n",
            " [ 0.          0.          0.          1.        ]]\n",
            "\n",
            "Image 34 pose matrix:\n",
            "[[-0.28623375  0.95796813 -0.0191649  -1.06151209]\n",
            " [-0.9430129  -0.28519496 -0.17143658 -1.0838832 ]\n",
            " [-0.16969652 -0.03099819  0.98500873  2.86131962]\n",
            " [ 0.          0.          0.          1.        ]]\n",
            "\n",
            "Image 37 pose matrix:\n",
            "[[-0.27697226  0.95657002 -0.09088544 -1.06019278]\n",
            " [-0.95515363 -0.28439696 -0.08246153 -1.04357245]\n",
            " [-0.10472777  0.06397     0.9924414   2.60926254]\n",
            " [ 0.          0.          0.          1.        ]]\n",
            "\n",
            "Image 42 pose matrix:\n",
            "[[-0.27361824  0.95122016 -0.14252464 -1.12372548]\n",
            " [-0.96020133 -0.27877874 -0.01719953 -1.0571344 ]\n",
            " [-0.05609338  0.13214625  0.9896418   2.45779967]\n",
            " [ 0.          0.          0.          1.        ]]\n",
            "\n",
            "Image 40 pose matrix:\n",
            "[[-0.27345155  0.938309   -0.21166124 -1.22923375]\n",
            " [-0.96185115 -0.26487227  0.06844738 -1.04053931]\n",
            " [ 0.0081616   0.22230365  0.97494332  2.3313855 ]\n",
            " [ 0.          0.          0.          1.        ]]\n",
            "\n",
            "Image 45 pose matrix:\n",
            "[[-0.2554458   0.92464776 -0.28244283 -1.30093145]\n",
            " [-0.9639165  -0.22093137  0.14850694 -0.98380454]\n",
            " [ 0.07491612  0.31018678  0.94771923  2.25948022]\n",
            " [ 0.          0.          0.          1.        ]]\n",
            "\n",
            "Image 38 pose matrix:\n",
            "[[-0.24292789  0.90623058 -0.34602338 -1.42716793]\n",
            " [-0.9602498  -0.17409332  0.21820136 -0.9505163 ]\n",
            " [ 0.13750039  0.38527608  0.91249986  2.3389695 ]\n",
            " [ 0.          0.          0.          1.        ]]\n",
            "\n",
            "Image 43 pose matrix:\n",
            "[[-0.23629313  0.89055369 -0.38868969 -1.57615967]\n",
            " [-0.9545776  -0.13802766  0.26406434 -0.9192783 ]\n",
            " [ 0.18151354  0.43343106  0.88271759  2.33496949]\n",
            " [ 0.          0.          0.          1.        ]]\n",
            "\n",
            "Image 41 pose matrix:\n",
            "[[-0.23659377  0.87016062 -0.43225442 -1.75611317]\n",
            " [-0.93972988 -0.09191276  0.32933236 -0.80395216]\n",
            " [ 0.24684235  0.48412038  0.83946192  2.31645136]\n",
            " [ 0.          0.          0.          1.        ]]\n",
            "\n",
            "Image 39 pose matrix:\n",
            "[[-0.26046465  0.84786026 -0.46183454 -1.85724503]\n",
            " [-0.90678925 -0.05058756  0.41853812 -0.67233789]\n",
            " [ 0.33149876  0.52780098  0.78200684  2.26349946]\n",
            " [ 0.          0.          0.          1.        ]]\n",
            "\n",
            "Image 48 pose matrix:\n",
            "[[-0.27003384  0.82608972 -0.49462865 -1.86531151]\n",
            " [-0.87257371  0.00722269  0.48842907 -0.63526835]\n",
            " [ 0.40705878  0.56349233  0.7188738   2.16762851]\n",
            " [ 0.          0.          0.          1.        ]]\n",
            "\n",
            "Image 46 pose matrix:\n",
            "[[-0.25286872  0.81400283 -0.52293098 -1.79907939]\n",
            " [-0.86189347  0.05602379  0.5039851  -0.66569916]\n",
            " [ 0.43954187  0.57815286  0.68741706  2.24953626]\n",
            " [ 0.          0.          0.          1.        ]]\n",
            "\n",
            "Image 44 pose matrix:\n",
            "[[-0.23573261  0.80106699 -0.55020161 -1.61679818]\n",
            " [-0.83940321  0.11746512  0.53066391 -0.74581673]\n",
            " [ 0.48972684  0.58693579  0.64472785  2.14198932]\n",
            " [ 0.          0.          0.          1.        ]]\n",
            "\n",
            "Image 47 pose matrix:\n",
            "[[-0.20653041  0.78923629 -0.57831761 -1.42294755]\n",
            " [-0.81093865  0.19264488  0.55250924 -0.82057013]\n",
            " [ 0.54747027  0.58309006  0.60023519  2.17809855]\n",
            " [ 0.          0.          0.          1.        ]]\n",
            "\n",
            "Image 49 pose matrix:\n",
            "[[-0.17507144  0.78437504 -0.59506788 -1.26897579]\n",
            " [-0.7778492   0.26033061  0.57199527 -1.04702559]\n",
            " [ 0.6035732   0.56301311  0.56454904  2.13151273]\n",
            " [ 0.          0.          0.          1.        ]]\n",
            "\n",
            "Image 51 pose matrix:\n",
            "[[-0.15713771  0.77731059 -0.60917648 -1.22776574]\n",
            " [-0.74287769  0.31340521  0.59153183 -1.24765521]\n",
            " [ 0.65072304  0.54549557  0.52819892  2.07313435]\n",
            " [ 0.          0.          0.          1.        ]]\n",
            "\n",
            "Image 52 pose matrix:\n",
            "[[-0.14120108  0.76978298 -0.62249211 -1.34922691]\n",
            " [-0.69076817  0.37381426  0.61895253 -1.4923225 ]\n",
            " [ 0.70915555  0.5173945   0.4789586   1.94460833]\n",
            " [ 0.          0.          0.          1.        ]]\n",
            "\n",
            "Image 50 pose matrix:\n",
            "[[-0.12839079  0.76033958 -0.63670992 -1.49072414]\n",
            " [-0.63901054  0.4275526   0.63942498 -1.72567897]\n",
            " [ 0.75840711  0.48896063  0.43097119  1.94512742]\n",
            " [ 0.          0.          0.          1.        ]]\n",
            "\n",
            "Image 54 pose matrix:\n",
            "[[-0.11153475  0.7533232  -0.64812357 -1.56942789]\n",
            " [-0.59749577  0.47030824  0.64946821 -1.88719821]\n",
            " [ 0.79407733  0.45968937  0.39765171  1.9908456 ]\n",
            " [ 0.          0.          0.          1.        ]]\n",
            "\n",
            "Image 55 pose matrix:\n",
            "[[-0.08894169  0.74796594 -0.65775096 -1.56863019]\n",
            " [-0.5773646   0.49938999  0.64595647 -1.98802802]\n",
            " [ 0.81162769  0.43721458  0.38743246  2.14564204]\n",
            " [ 0.          0.          0.          1.        ]]\n",
            "\n",
            "Image 53 pose matrix:\n",
            "[[-0.05315341  0.73887116 -0.67174707 -1.51100017]\n",
            " [-0.56727048  0.53127371  0.62924753 -2.05336013]\n",
            " [ 0.8218144   0.41450893  0.39090079  2.30831673]\n",
            " [ 0.          0.          0.          1.        ]]\n",
            "\n",
            "Image 56 pose matrix:\n",
            "[[-0.02025281  0.72975147 -0.68341248 -1.4270875 ]\n",
            " [-0.55907545  0.55842587  0.61285821 -2.05855374]\n",
            " [ 0.82886939  0.39449125  0.39667644  2.46820327]\n",
            " [ 0.          0.          0.          1.        ]]\n",
            "\n",
            "Image 58 pose matrix:\n",
            "[[ 0.00379748  0.72113301 -0.69278623 -1.31434689]\n",
            " [-0.54795629  0.58102349  0.60179367 -2.02919509]\n",
            " [ 0.83649835  0.37733127  0.39735579  2.69745864]\n",
            " [ 0.          0.          0.          1.        ]]\n",
            "\n",
            "Image 57 pose matrix:\n",
            "[[ 0.01230547  0.71440566 -0.69962356 -1.20802121]\n",
            " [-0.54078506  0.59327688  0.59630031 -2.01446618]\n",
            " [ 0.8410708   0.37100822  0.39364046  2.89018633]\n",
            " [ 0.          0.          0.          1.        ]]\n",
            "\n",
            "Image 60 pose matrix:\n",
            "[[ 0.01085623  0.70555829 -0.70856872 -1.07364151]\n",
            " [-0.52255265  0.60815597  0.59756594 -2.08787375]\n",
            " [ 0.8525379   0.36377715  0.37529364  3.07170525]\n",
            " [ 0.          0.          0.          1.        ]]\n",
            "\n",
            "Image 59 pose matrix:\n",
            "[[-0.00597175  0.69972143 -0.71439083 -1.05555094]\n",
            " [-0.49366303  0.61921695  0.61062851 -2.11747706]\n",
            " [ 0.86963277  0.35631486  0.3417288   3.22818146]\n",
            " [ 0.          0.          0.          1.        ]]\n",
            "\n",
            "Image 61 pose matrix:\n",
            "[[-0.03931618  0.6943942  -0.71851996 -1.07530065]\n",
            " [-0.4561842   0.62729144  0.63119048 -2.05992003]\n",
            " [ 0.88901643  0.35259345  0.29210896  3.34489015]\n",
            " [ 0.          0.          0.          1.        ]]\n",
            "\n",
            "Image 62 pose matrix:\n",
            "[[-0.07836743  0.68903975 -0.72047399 -1.16092643]\n",
            " [-0.41339206  0.63517406  0.65242695 -1.98008795]\n",
            " [ 0.90717449  0.34896725  0.2350666   3.36011061]\n",
            " [ 0.          0.          0.          1.        ]]\n",
            "\n",
            "Image 63 pose matrix:\n",
            "[[-0.17081995  0.67758887 -0.71532781 -1.47630993]\n",
            " [-0.32027974  0.64838727  0.69066261 -1.86681972]\n",
            " [ 0.93179474  0.34708395  0.10626051  3.30195119]\n",
            " [ 0.          0.          0.          1.        ]]\n",
            "\n",
            "Image 65 pose matrix:\n",
            "[[-0.23859642  0.66701676 -0.70580478 -1.68309489]\n",
            " [-0.25971313  0.6564944   0.70821197 -1.80910809]\n",
            " [ 0.93574614  0.35228361  0.0165958   3.19839953]\n",
            " [ 0.          0.          0.          1.        ]]\n",
            "\n",
            "Image 64 pose matrix:\n",
            "[[-0.25046428  0.65664164 -0.71139961 -1.43929405]\n",
            " [-0.27359787  0.65685821  0.70262472 -1.77743282]\n",
            " [ 0.92866132  0.37061981  0.01513624  3.24284389]\n",
            " [ 0.          0.          0.          1.        ]]\n",
            "\n",
            "Image 66 pose matrix:\n",
            "[[-0.25360792  0.65061093 -0.71581314 -1.12919712]\n",
            " [-0.27832472  0.65963175  0.69815564 -1.72245215]\n",
            " [ 0.92640076  0.37628629  0.01379327  3.03396693]\n",
            " [ 0.          0.          0.          1.        ]]\n",
            "\n",
            "Image 68 pose matrix:\n",
            "[[-0.26734156  0.64041156 -0.72000106 -0.72786085]\n",
            " [-0.28422138  0.66154845  0.69395378 -1.67975243]\n",
            " [ 0.92073161  0.39016238  0.00515927  2.9499682 ]\n",
            " [ 0.          0.          0.          1.        ]]\n",
            "\n",
            "Image 67 pose matrix:\n",
            "[[-0.29372648  0.63154836 -0.71754542 -0.43590944]\n",
            " [-0.28222749  0.6598955   0.69633726 -1.68242894]\n",
            " [ 0.91327564  0.40704373 -0.01558848  2.92608841]\n",
            " [ 0.          0.          0.          1.        ]]\n",
            "\n",
            "Image 70 pose matrix:\n",
            "[[-0.33216246  0.62284455 -0.70833097 -0.34339467]\n",
            " [-0.25838219  0.66215848  0.7034094  -1.74109586]\n",
            " [ 0.90714207  0.41666631 -0.05901225  2.93558404]\n",
            " [ 0.          0.          0.          1.        ]]\n",
            "\n",
            "Image 72 pose matrix:\n",
            "[[-0.36366043  0.61406036 -0.70048624 -0.31392219]\n",
            " [-0.23933352  0.6651392   0.70732546 -1.78743167]\n",
            " [ 0.90026138  0.42487612 -0.09491958  2.8980382 ]\n",
            " [ 0.          0.          0.          1.        ]]\n",
            "\n",
            "Image 69 pose matrix:\n",
            "[[-0.3997034   0.60294062 -0.6904345  -0.30126359]\n",
            " [-0.21956357  0.66831714  0.71073485 -1.85907826]\n",
            " [ 0.88996013  0.4356774  -0.13474484  2.97829275]\n",
            " [ 0.          0.          0.          1.        ]]\n",
            "\n",
            "Image 73 pose matrix:\n",
            "[[-0.4317963   0.59238063 -0.68017435 -0.29763319]\n",
            " [-0.19862916  0.67313458  0.71234563 -1.87791459]\n",
            " [ 0.87982862  0.44269067 -0.17299295  3.01547178]\n",
            " [ 0.          0.          0.          1.        ]]\n",
            "\n",
            "Image 71 pose matrix:\n",
            "[[-0.46282876  0.57909328 -0.67114865 -0.27051797]\n",
            " [-0.18225138  0.67878367  0.71136289 -1.90782355]\n",
            " [ 0.86751022  0.45155697 -0.20862006  2.98579243]\n",
            " [ 0.          0.          0.          1.        ]]\n",
            "\n",
            "Image 76 pose matrix:\n",
            "[[-0.48326819  0.56930613 -0.66508826 -0.2738314 ]\n",
            " [-0.16952055  0.6844613   0.70906665 -1.9235382 ]\n",
            " [ 0.85890316  0.45541548 -0.23426929  2.97516961]\n",
            " [ 0.          0.          0.          1.        ]]\n",
            "\n",
            "Image 74 pose matrix:\n",
            "[[-0.50708613  0.55641787 -0.65822702 -0.21591827]\n",
            " [-0.15534892  0.69218558  0.70480198 -1.90940097]\n",
            " [ 0.84777967  0.45965017 -0.26455879  2.92322465]\n",
            " [ 0.          0.          0.          1.        ]]\n",
            "\n",
            "Image 78 pose matrix:\n",
            "[[-0.52775079  0.54203848 -0.65396742 -0.08376136]\n",
            " [-0.14703631  0.69999542  0.69884672 -1.86175491]\n",
            " [ 0.83657601  0.46497387 -0.2897238   2.80003482]\n",
            " [ 0.          0.          0.          1.        ]]\n",
            "\n",
            "Image 80 pose matrix:\n",
            "[[-0.54739444  0.52547276 -0.65133533  0.12225327]\n",
            " [-0.14434494  0.70734732  0.69197132 -1.81796545]\n",
            " [ 0.82433237  0.47279821 -0.31134866  2.68386758]\n",
            " [ 0.          0.          0.          1.        ]]\n",
            "\n",
            "Image 75 pose matrix:\n",
            "[[-0.56209289  0.51260771 -0.64906465  0.31427294]\n",
            " [-0.13972565  0.71463744  0.68539775 -1.81913787]\n",
            " [ 0.81518607  0.47594818 -0.33006818  2.6366715 ]\n",
            " [ 0.          0.          0.          1.        ]]\n",
            "\n",
            "Image 79 pose matrix:\n",
            "[[-0.58873927  0.49097144 -0.6421317   0.51389747]\n",
            " [-0.12932786  0.72695236  0.67439941 -1.7952059 ]\n",
            " [ 0.79791001  0.48009093 -0.36448911  2.54224049]\n",
            " [ 0.          0.          0.          1.        ]]\n",
            "\n",
            "Image 77 pose matrix:\n",
            "[[-0.63089377  0.47273335 -0.61522047  0.59630858]\n",
            " [-0.09670505  0.73884804  0.66689707 -1.69189012]\n",
            " [ 0.76981893  0.48023614 -0.42041893  2.57086757]\n",
            " [ 0.          0.          0.          1.        ]]\n",
            "\n",
            "Image 83 pose matrix:\n",
            "[[-0.68511565  0.4566637  -0.56751635  0.54002994]\n",
            " [-0.04007362  0.75428219  0.65532624 -1.62854722]\n",
            " [ 0.72733118  0.4717167  -0.49847037  2.50913575]\n",
            " [ 0.          0.          0.          1.        ]]\n",
            "\n",
            "Image 82 pose matrix:\n",
            "[[-0.71722258  0.44055545 -0.53990988  0.52917893]\n",
            " [-0.01220079  0.76673499  0.64184779 -1.61347771]\n",
            " [ 0.69673734  0.46693506 -0.54454452  2.46303629]\n",
            " [ 0.          0.          0.          1.        ]]\n",
            "\n",
            "Image 81 pose matrix:\n",
            "[[-0.74342893  0.42432406 -0.51697438  0.62657113]\n",
            " [ 0.01146297  0.78094114  0.62449943 -1.6671275 ]\n",
            " [ 0.6687167   0.45834488 -0.58543825  2.46049085]\n",
            " [ 0.          0.          0.          1.        ]]\n",
            "\n",
            "Image 88 pose matrix:\n",
            "[[-0.76899362  0.4040154  -0.4953992   0.7382398 ]\n",
